	// MOTEL JEFFERSON//
	//-----------------------------MOTEL JEFFERSON------------------------------------------//
RemoveBuildingForPlayer(playerid, 1493, 2233.7188, -1160.5547, 24.8672, 0.25);
RemoveBuildingForPlayer(playerid, 673, 2251.1719, -1166.2422, 24.7344, 0.25);


	//-----------------------------MOTEL JEFFERSON------------------------------------------//

CreateObject(1535, 2233.67505, -1164.88354, 24.87993,   0.00000, 0.00000, 90.00000);
CreateObject(1535, 2233.67505, -1179.02124, 24.89000,   0.00000, 0.00000, 90.00000);
CreateObject(19453, 2233.76221, -1162.99756, 26.68170,   0.00000, 0.00000, 0.00000);
CreateObject(1535, 2233.83496, -1164.88354, 24.87990,   0.00000, 0.00000, 90.00000);
CreateObject(19453, 2238.44360, -1160.99756, 26.68170,   0.00000, 0.00000, 90.00000);
CreateObject(19453, 2238.44360, -1170.70679, 26.68170,   0.00000, 0.00000, 90.00000);
CreateObject(19407, 2233.76733, -1169.13965, 26.68170,   0.00000, 0.00000, 0.00000);
CreateObject(1535, 2248.36475, -1164.90283, 24.87990,   0.00000, 0.00000, 90.00000);
CreateObject(19377, 2239.11841, -1165.79419, 24.84510,   0.00000, 90.00000, 0.00000);
CreateObject(19377, 2239.08765, -1165.82666, 28.29527,   0.00000, 90.00000, 0.00000);
CreateObject(19858, 2233.62622, -1160.54297, 26.13380,   0.00000, 0.00000, 90.00000);
CreateObject(19453, 2248.39136, -1162.99756, 26.68170,   0.00000, 0.00000, 0.00000);
CreateObject(19407, 2248.39136, -1169.40039, 26.68170,   0.00000, 0.00000, 0.00000);
CreateObject(19377, 2243.30933, -1165.82666, 24.84210,   0.00000, 90.00000, 0.00000);
CreateObject(19453, 2243.60669, -1170.72681, 26.68170,   0.00000, 0.00000, 90.00000);
CreateObject(19453, 2243.60669, -1160.99463, 26.68170,   0.00000, 0.00000, 90.00000);
CreateObject(19377, 2243.30933, -1165.82666, 28.30530,   0.00000, 90.00000, 0.00000);
CreateObject(1649, 2233.76978, -1168.05945, 27.05240,   0.00000, 0.00000, 90.00000);
CreateObject(1649, 2248.33105, -1168.29944, 27.05240,   0.00000, 0.00000, -90.00000);
CreateObject(19361, 2242.32422, -1172.38245, 26.68170,   0.00000, 0.00000, 0.00000);
CreateObject(19361, 2237.53101, -1172.38245, 26.68170,   0.00000, 0.00000, 0.00000);
CreateObject(19390, 2239.24658, -1167.55518, 26.68170,   0.00000, 0.00000, 90.00000);
CreateObject(19434, 2241.52002, -1167.54980, 26.68170,   0.00000, 0.00000, 90.00000);
CreateObject(1491, 2238.46606, -1167.55896, 24.93030,   0.00000, 0.00000, 0.00000);
CreateObject(1535, 2230.08350, -1181.27954, 24.88200,   0.00000, 0.00000, 0.00000);
CreateObject(19453, 2233.76221, -1162.99756, 26.68170,   0.00000, 0.00000, 0.00000);
CreateObject(1535, 2233.83496, -1164.88354, 24.87990,   0.00000, 0.00000, 90.00000);
CreateObject(19453, 2238.44360, -1160.99756, 26.68170,   0.00000, 0.00000, 90.00000);
CreateObject(19407, 2233.76733, -1169.13965, 26.68170,   0.00000, 0.00000, 0.00000);
CreateObject(1535, 2248.36475, -1164.90283, 24.87990,   0.00000, 0.00000, 90.00000);
CreateObject(19377, 2239.10669, -1165.82129, 24.84510,   0.00000, 90.00000, 0.00000);
CreateObject(19377, 2239.08765, -1165.82666, 28.29527,   0.00000, 90.00000, 0.00000);
CreateObject(19858, 2233.62622, -1160.54297, 26.13380,   0.00000, 0.00000, 90.00000);
CreateObject(19453, 2248.39136, -1162.99756, 26.68170,   0.00000, 0.00000, 0.00000);
CreateObject(19407, 2248.39136, -1169.40039, 26.68170,   0.00000, 0.00000, 0.00000);
CreateObject(19377, 2243.30933, -1165.82666, 24.84210,   0.00000, 90.00000, 0.00000);
CreateObject(19453, 2243.60669, -1160.99463, 26.68170,   0.00000, 0.00000, 90.00000);
CreateObject(19377, 2243.30933, -1165.82666, 28.30530,   0.00000, 90.00000, 0.00000);
CreateObject(1649, 2233.76978, -1168.05945, 27.05240,   0.00000, 0.00000, 90.00000);
CreateObject(1649, 2248.35913, -1168.24292, 27.05240,   0.00000, 0.00000, -90.00000);
CreateObject(19361, 2237.53101, -1169.08313, 26.68170,   0.00000, 0.00000, 0.00000);
CreateObject(19361, 2242.32104, -1169.06104, 26.68170,   0.00000, 0.00000, 0.00000);
CreateObject(19390, 2239.23047, -1173.90198, 26.68170,   0.00000, 0.00000, 90.00000);
CreateObject(19434, 2241.57446, -1173.90198, 26.68170,   0.00000, 0.00000, 90.00000);
CreateObject(1491, 2238.45313, -1173.93262, 24.93030,   0.00000, 0.00000, 0.00000);
CreateObject(2130, 2247.81592, -1169.05688, 24.92990,   0.00000, 0.00000, -90.00000);
CreateObject(2127, 2247.81592, -1166.98438, 24.93000,   0.00000, 0.00000, -90.00000);
CreateObject(2294, 2245.33643, -1170.14685, 24.92910,   0.00000, 0.00000, 180.00000);
CreateObject(19172, 2242.39478, -1168.99268, 26.71140,   0.00000, 0.00000, 90.00000);
CreateObject(2517, 2242.63330, -1170.12146, 24.93330,   0.00000, 0.00000, 90.00000);
CreateObject(2100, 2246.89648, -1161.26794, 24.94870,   0.00000, 0.00000, 0.00000);
CreateObject(2738, 2238.13452, -1170.05310, 25.52400,   0.00000, 0.00000, 90.00000);
CreateObject(1778, 2241.93481, -1167.78442, 24.93358,   0.00000, 0.00000, 0.00000);
CreateObject(1725, 2236.03784, -1167.13196, 24.93230,   0.00000, 0.00000, 180.00000);
CreateObject(11707, 2240.52808, -1170.55481, 25.90744,   0.00000, 0.00000, 180.00000);
CreateObject(2296, 2234.80249, -1161.38086, 24.93310,   0.00000, 0.00000, 0.00000);
CreateObject(1432, 2241.74902, -1162.64258, 25.02190,   0.00000, 0.00000, -302.00000);
CreateObject(19377, 2239.04688, -1175.38757, 24.84510,   0.00000, 90.00000, 0.00000);
CreateObject(19377, 2243.30933, -1175.52124, 24.84210,   0.00000, 90.00000, 0.00000);
CreateObject(19453, 2243.60669, -1180.28271, 26.68170,   0.00000, 0.00000, 90.00000);
CreateObject(19453, 2238.44360, -1180.27869, 26.68170,   0.00000, 0.00000, 90.00000);
CreateObject(19453, 2233.76221, -1178.02612, 26.68170,   0.00000, 0.00000, 0.00000);
CreateObject(1535, 2233.83496, -1179.02124, 24.89000,   0.00000, 0.00000, 90.00000);
CreateObject(19453, 2248.39136, -1178.02612, 26.68170,   0.00000, 0.00000, 0.00000);
CreateObject(19407, 2248.37134, -1172.30042, 26.68170,   0.00000, 0.00000, 0.00000);
CreateObject(19377, 2243.30933, -1175.52124, 28.30530,   0.00000, 90.00000, 0.00000);
CreateObject(19377, 2239.10498, -1175.52124, 28.29530,   0.00000, 90.00000, 0.00000);
CreateObject(19407, 2233.76221, -1172.28040, 26.68170,   0.00000, 0.00000, 0.00000);
CreateObject(1649, 2233.75781, -1171.85767, 27.05240,   0.00000, 0.00000, 90.00000);
CreateObject(1649, 2248.34961, -1173.04309, 27.05240,   0.00000, 0.00000, -90.00000);
CreateObject(1535, 2248.35864, -1179.16199, 24.87990,   0.00000, 0.00000, 90.00000);
CreateObject(19390, 2239.94507, -1184.41748, 26.68170,   0.00000, 0.00000, 90.00000);
CreateObject(19453, 2233.19507, -1185.86292, 26.68170,   0.00000, 0.00000, 0.00000);
CreateObject(19453, 2232.63135, -1181.19446, 26.68170,   0.00000, 0.00000, 90.00000);
CreateObject(19377, 2229.43530, -1185.99353, 24.84510,   0.00000, 90.00000, 0.00000);
CreateObject(19453, 2228.43579, -1190.74890, 26.68170,   0.00000, 0.00000, 90.00000);
CreateObject(19407, 2226.25049, -1181.19446, 26.68170,   0.00000, 0.00000, 90.00000);
CreateObject(19453, 2224.59009, -1185.86292, 26.68170,   0.00000, 0.00000, 0.00000);
CreateObject(19377, 2227.93579, -1185.96082, 28.43764,   0.00000, 90.00000, 0.00000);
CreateObject(1649, 2227.02344, -1181.21228, 27.05240,   0.00000, 0.00000, 0.00000);
CreateObject(19453, 2223.71924, -1185.87878, 26.68170,   0.00000, 0.00000, 0.00000);
CreateObject(19377, 2218.49854, -1185.99353, 24.84510,   0.00000, 90.00000, 0.00000);
CreateObject(19453, 2219.86060, -1181.20227, 26.68170,   0.00000, 0.00000, 90.00000);
CreateObject(19453, 2219.09912, -1190.74890, 26.68170,   0.00000, 0.00000, 90.00000);
CreateObject(19407, 2214.19385, -1181.18384, 26.68170,   0.00000, 0.00000, 90.00000);
CreateObject(19453, 2213.19995, -1185.87878, 26.68170,   0.00000, 0.00000, 0.00000);
CreateObject(1535, 2217.57544, -1181.07947, 24.89000,   0.00000, 0.00000, 0.00000);
CreateObject(1535, 2230.08350, -1181.07947, 24.88200,   0.00000, 0.00000, 0.00000);
CreateObject(19377, 2218.49854, -1185.99353, 28.43760,   0.00000, 90.00000, 0.00000);
CreateObject(1535, 2217.57544, -1181.27954, 24.89000,   0.00000, 0.00000, 0.00000);
CreateObject(19434, 2213.53784, -1190.74890, 26.68170,   0.00000, 0.00000, 90.00000);
CreateObject(19407, 2210.99658, -1181.18384, 26.68170,   0.00000, 0.00000, 90.00000);
CreateObject(19453, 2204.57202, -1181.18384, 26.68170,   0.00000, 0.00000, 90.00000);
CreateObject(1535, 2207.14307, -1181.07947, 24.89000,   0.00000, 0.00000, 0.00000);
CreateObject(1535, 2207.13379, -1181.24194, 24.89000,   0.00000, 0.00000, 0.00000);
CreateObject(19453, 2202.86963, -1185.87878, 26.68170,   0.00000, 0.00000, 0.00000);
CreateObject(19377, 2208.09937, -1185.88806, 24.84510,   0.00000, 90.00000, 0.00000);
CreateObject(19453, 2208.21973, -1190.74890, 26.68170,   0.00000, 0.00000, 90.00000);
CreateObject(19434, 2203.25830, -1190.74890, 26.68170,   0.00000, 0.00000, 90.00000);
CreateObject(19377, 2208.09937, -1185.88806, 28.43760,   0.00000, 90.00000, 0.00000);
CreateObject(1649, 2214.46167, -1181.17151, 27.05240,   0.00000, 0.00000, 0.00000);
CreateObject(1649, 2210.59937, -1181.16248, 27.05240,   0.00000, 0.00000, 0.00000);
CreateObject(19453, 2200.71729, -1177.79993, 26.68170,   0.00000, 0.00000, 0.00000);
CreateObject(19407, 2200.71729, -1171.40283, 26.68170,   0.00000, 0.00000, 0.00000);
CreateObject(19453, 2194.97778, -1181.18384, 26.68170,   0.00000, 0.00000, 90.00000);
CreateObject(19377, 2195.42188, -1176.30750, 24.84510,   0.00000, 90.00000, 0.00000);
CreateObject(19377, 2195.39844, -1166.67944, 24.84510,   0.00000, 90.00000, 0.00000);
CreateObject(19453, 2195.86499, -1169.71021, 26.68170,   0.00000, 0.00000, 90.00000);
CreateObject(19453, 2190.96899, -1176.58862, 26.68170,   0.00000, 0.00000, 0.00000);
CreateObject(19453, 2190.96899, -1166.98499, 26.68170,   0.00000, 0.00000, 0.00000);
CreateObject(19377, 2195.42188, -1176.30750, 28.50265,   0.00000, 90.00000, 0.00000);
CreateObject(19377, 2195.42188, -1166.71191, 28.50270,   0.00000, 90.00000, 0.00000);
CreateObject(1535, 2200.82617, -1176.88293, 24.89000,   0.00000, 0.00000, 90.00000);
CreateObject(1535, 2200.68628, -1176.88293, 24.89000,   0.00000, 0.00000, 90.00000);
CreateObject(1535, 2200.82617, -1161.05090, 24.89000,   0.00000, 0.00000, 90.00000);
CreateObject(1535, 2200.68628, -1161.05090, 24.89000,   0.00000, 0.00000, 90.00000);
CreateObject(1649, 2200.69531, -1172.03271, 27.05240,   0.00000, 0.00000, 90.00000);
CreateObject(19453, 2200.71729, -1162.03345, 26.68170,   0.00000, 0.00000, 0.00000);
CreateObject(19407, 2200.71729, -1168.43884, 26.68170,   0.00000, 0.00000, 0.00000);
